0.000000000000000000e+00 1.429166758448016878e+02 1.429166758448016878e+02
1.200998788134097328e+00 1.577437967920142796e+02 1.589447955801483658e+02
5.571297753506625483e+00 1.681145115494585127e+02 1.736858093029651400e+02
1.272453412063892131e+01 1.753291548469415488e+02 1.880536889675804559e+02
2.029616918024411731e+01 1.802010958056598611e+02 2.004972649859039677e+02
2.810190622706259944e+01 1.833068860931724657e+02 2.114087923202350794e+02
3.682613620728113801e+01 1.850641503740113478e+02 2.218902865812924858e+02
4.715664722242147633e+01 1.857524419310395558e+02 2.329090891534610250e+02
5.950615024230201300e+01 1.855446978134936273e+02 2.450508480557956545e+02
7.399867860117164753e+01 1.845439639605780258e+02 2.585426425617496875e+02
9.055320194415341462e+01 1.828164670053840837e+02 2.733696689495375267e+02
1.089733797691154251e+02 1.804156506728182592e+02 2.893890304419336985e+02
1.290236823260563312e+02 1.773966798883645879e+02 3.064203622144209476e+02
1.504715897273199516e+02 1.738226621873410522e+02 3.242942519146610039e+02
1.731061067983417558e+02 1.697652747799371582e+02 3.428713815782789425e+02
1.967395915530756554e+02 1.653022002069513405e+02 3.620417917600269675e+02
2.212036186868036509e+02 1.605135064979922674e+02 3.817171251847959184e+02
2.463405074274338347e+02 1.554781738938249589e+02 4.018186813212587936e+02
2.719963055833763974e+02 1.502714214601773790e+02 4.222677270435538048e+02
2.980161016394632725e+02 1.449629912157884633e+02 4.429790928552517357e+02
3.242408460639050531e+02 1.396163130655650093e+02 4.638571591294700625e+02
3.505060010645486841e+02 1.342883176676319579e+02 4.847943187321806136e+02
3.766412699503001704e+02 1.290297815833954189e+02 5.056710515336956178e+02
4.024683871243137787e+02 1.238848410049570248e+02 5.263532281292707466e+02
4.278228718719936978e+02 1.188916246871710598e+02 5.467144965591647860e+02
4.525372736931827262e+02 1.140846157352655439e+02 5.666218894284482985e+02
4.764358856768836858e+02 1.094955367712645113e+02 5.859314224481481688e+02
4.993418561466319829e+02 1.051507862088687659e+02 6.044926423555007204e+02
5.210854478111427852e+02 1.010722705545487230e+02 6.221577183656914940e+02
5.414998220440926389e+02 9.728005521808378830e+01 6.387798772621764556e+02
5.604147895798191712e+02 9.379277702261785521e+01 6.542075666024370548e+02
5.776501619041972617e+02 9.062653155356136381e+01 6.682766934577585971e+02
5.930223037201380976e+02 8.779433568358865614e+01 6.808166394037267537e+02
6.063511913758645733e+02 8.530654422244374757e+01 6.916577355983083635e+02
6.174661467698955448e+02 8.317154318886939279e+01 7.006376899587648950e+02
6.262109042092332629e+02 8.139641657078385606e+01 7.076073207800170621e+02
6.324485127391297965e+02 7.998773250490570774e+01 7.124362452440354900e+02
6.360840484959838932e+02 7.895109648345362530e+01 7.150351449794375185e+02
6.370306335359880450e+02 7.829230265683042944e+01 7.153229361928184744e+02
6.352380170160075750e+02 7.801806184804570421e+01 7.132560788640532792e+02
6.307085355156167452e+02 7.813660987801651459e+01 7.088451453936332882e+02
6.235414729751703362e+02 7.865638704567234640e+01 7.021978600208426542e+02
6.138658284040295712e+02 7.958486247063869712e+01 6.934506908746682257e+02
6.017141981278282401e+02 8.093455746056451972e+01 6.826487555883927598e+02
5.872955581718141502e+02 8.271873219090275597e+01 6.700142903627169062e+02
5.708680952041514729e+02 8.495204605421199062e+01 6.558201412583634919e+02
5.527118537447256585e+02 8.764982448677749005e+01 6.403616782315031060e+02
5.331227821975359120e+02 9.082742096822275357e+01 6.239502031657586940e+02
5.124087492496215646e+02 9.449964907746468157e+01 6.069083983270862745e+02
4.908839188112237366e+02 9.868013142156648598e+01 5.895640502327902368e+02
4.688616076629054419e+02 1.033804972274068632e+02 5.722421048903122482e+02
3.470104487513584672e+02 1.276130652556343819e+02 4.746235140069928775e+02
2.701351697300255523e+02 1.447245075824985747e+02 4.148596773125241270e+02
2.054113904299394164e+02 1.590220145585723799e+02 3.644334049885118247e+02
1.541357870112672686e+02 1.713117273533901823e+02 3.254475143646574224e+02
1.190400231933765838e+02 1.828104541266217780e+02 3.018504773199983902e+02
8.571393200910445387e+01 1.936559633496214587e+02 2.793698953587258984e+02
6.609620627402512127e+01 2.038336446443384489e+02 2.699298509183635701e+02
5.813107983659566713e+01 2.129916769768954623e+02 2.711227568134911508e+02
5.731814166680828748e+01 2.207376072501820943e+02 2.780557489169904102e+02
5.967438933306016224e+01 2.268421069375343109e+02 2.865164962705944731e+02
6.244170812478162702e+01 2.313040402778039208e+02 2.937457484025855479e+02
6.412486259950199496e+01 2.343231341834579382e+02 2.984479967829599332e+02
6.425697969420198774e+01 2.362207983705762331e+02 3.004777780647782492e+02
6.304937804509035004e+01 2.373490346723278037e+02 3.003984127174181822e+02
6.103183141372440446e+01 2.380175387561986327e+02 2.990493701699230087e+02
5.876595747802797831e+01 2.384527348083901188e+02 2.972186922864181042e+02
5.667443983062314317e+01 2.387875992787234338e+02 2.954620391093465628e+02
5.498528813071758492e+01 2.390729503034410186e+02 2.940582384341586248e+02
5.375345623369222636e+01 2.392990107143991736e+02 2.930524669480914213e+02
5.291997728182058580e+01 2.394187947388908242e+02 2.923387720207114171e+02
5.236920619775812469e+01 2.393678697188036608e+02 2.917370759165617642e+02
5.197325946082391823e+01 2.390787807708012167e+02 2.910520402316251420e+02
5.161767518130144339e+01 2.384901676545009082e+02 2.901078428358023302e+02
5.121215824108904968e+01 2.375516157765127332e+02 2.887637740176018042e+02
5.069218705790034818e+01 2.362255708466971669e+02 2.869177579045975222e+02
5.001570436862826341e+01 2.344873709908272872e+02 2.845030753594555790e+02
4.915890719788910701e+01 2.323243431323297443e+02 2.814832503302188798e+02
4.811182191600467917e+01 2.297344149529590709e+02 2.778462368689637287e+02
4.687475824666753965e+01 2.267245783842736842e+02 2.735993366309412522e+02
4.545560771081655105e+01 2.233093783987097254e+02 2.687649861095262622e+02
4.386782749896681821e+01 2.195095104091399776e+02 2.633773379081068242e+02
4.212892679055996581e+01 2.153505626313224184e+02 2.574794894218823629e+02
4.025930861945860784e+01 2.108619148903819962e+02 2.511212235098406040e+02
3.828136642365014097e+01 2.060757911895451855e+02 2.443571576131953407e+02
3.621876870102236978e+01 2.010264545488799115e+02 2.372452232499022671e+02
3.409588511943711353e+01 1.957495271783894282e+02 2.298454122978265559e+02
3.193731798719260340e+01 1.902814164045279313e+02 2.222187343917205453e+02
2.976750970527034923e+01 1.846588266237166067e+02 2.144263363289869631e+02
2.761040300868292263e+01 1.789183394301305157e+02 2.065287424388134241e+02
2.548913745687441335e+01 1.730960472718655012e+02 1.985851847287399039e+02
2.342577236836579857e+01 1.672272297860582739e+02 1.906530021544240867e+02
2.144103241547080785e+01 1.613460657053163629e+02 1.827870981207871637e+02
1.955407677957390788e+01 1.554853764616693184e+02 1.750394532412432227e+02
1.778229586801499451e+01 1.496764000976954208e+02 1.674586959657104046e+02
1.614114118753143856e+01 1.439485957648329872e+02 1.600897369523644329e+02
1.464399432125022393e+01 1.383294800090830847e+02 1.529734743303333175e+02
1.330208038764156520e+01 1.328444963471363280e+02 1.461465767347778808e+02
1.212443016370786175e+01 1.275169194782529871e+02 1.396413496419608578e+02
1.111789345923414452e+01 1.223677950096407159e+02 1.334856884688748551e+02
1.028720449356973532e+01 1.174159149225937568e+02 1.277031194161634886e+02
9.635098055480463941e+00 1.126778282713601271e+02 1.223129263268405964e+02
9.162473188153406056e+00 1.081678858562347614e+02 1.173303590443881603e+02
8.868599085440004970e+00 1.038983168930308807e+02 1.127669159784708910e+02
8.751355858206634863e+00 9.987933504148415409e+01 1.086306908996907907e+02
8.807500884253524731e+00 9.611927057178021983e+01 1.049267714560337481e+02
9.032949658184989516e+00 9.262472495024498187e+01 1.016576746084299714e+02
9.423058492349760229e+00 8.940074371643632389e+01 9.882380220878607702e+01
9.972895188134925704e+00 8.645100320621676815e+01 9.642389839435169563e+01
1.067748301648048326e+01 8.377800644884857206e+01 9.445548946532905177e+01
1.153200314767786949e+01 8.138328342973585450e+01 9.291528657741372399e+01
1.253194118833196846e+01 7.926759086223802342e+01 9.179953205056999366e+01
1.367316484689510503e+01 7.743110664920349961e+01 9.110427149609860464e+01
1.495192206744289720e+01 7.587361433419016521e+01 9.082553640163305886e+01
1.636475231567484201e+01 7.459467304001714183e+01 9.095942535569199094e+01
1.790830808515807249e+01 7.359376866487141911e+01 9.150207675002948804e+01
1.957908905058190285e+01 7.287044245099350803e+01 9.244953150157540733e+01
2.137309746490991813e+01 7.242439345710556609e+01 9.379749092201548422e+01
2.328543010212667497e+01 7.225555195461700464e+01 9.554098205674367250e+01
2.530982888981488799e+01 7.236412133377493205e+01 9.767395022358982715e+01
2.743821884444564319e+01 7.275058675677837527e+01 1.001888056012240185e+02
2.966026741196117200e+01 7.341568954018089244e+01 1.030759569521420644e+02
3.196300316821491450e+01 7.436036709903092401e+01 1.063233702672458350e+02
3.433053339411817007e+01 7.558565924741317588e+01 1.099161926415313530e+02
3.674389873412429353e+01 7.709258272476873231e+01 1.138364814588930187e+02
3.918109856337144237e+01 7.888197699140185648e+01 1.180630755547732917e+02
4.161731266703010590e+01 8.095432557785922256e+01 1.225716382448893285e+02
4.402533353619985235e+01 8.330955852404835582e+01 1.273348920602482082e+02
4.637620953770422716e+01 8.594684262003245578e+01 1.323230521577366972e+02
4.864008332477786212e+01 8.886436714904914425e+01 1.375044504738270064e+02
5.078719335659486234e+01 9.205913536844845169e+01 1.428463287250433211e+02
5.278880933204711567e+01 9.552675411942804828e+01 1.483155634514751569e+02
5.461925676579775768e+01 9.926127694633296983e+01 1.538805337121307275e+02
5.625562543224906875e+01 1.032550505458529528e+02 1.595106759781020287e+02
5.767967106903434882e+01 1.074985797502795037e+02 1.651782508193138597e+02
5.887938873557037311e+01 1.119804725079310259e+02 1.708598612435013990e+02
5.984814828740418591e+01 1.166873938689365247e+02 1.765355421563407106e+02
6.058599176717433465e+01 1.216040332640910009e+02 1.821900250312653498e+02
6.110019529601178334e+01 1.267131738972771302e+02 1.878133691932889064e+02
6.140358186476115776e+01 1.319957128612105066e+02 1.933992947259716573e+02
6.151514780638478186e+01 1.374307244838961992e+02 1.989458722902809882e+02
6.145883687001565221e+01 1.429955335733729385e+02 2.044543704433885978e+02
6.126235878447667460e+01 1.486658210043678991e+02 2.099281797888445737e+02
6.095589870503670227e+01 1.544157163429787261e+02 2.153716150480154283e+02
6.057070507752513322e+01 1.602178861448126952e+02 2.207885912223378284e+02
6.013765975920603069e+01 1.660436272945632652e+02 2.261812870537692959e+02
5.968591322699532498e+01 1.718629709163522534e+02 2.315488841433475784e+02
5.924165982315284396e+01 1.776448036694976906e+02 2.368864634926505346e+02
5.882711598768830186e+01 1.833570133003560727e+02 2.421841292880443746e+02
5.845974816108411432e+01 1.889666647219125934e+02 2.474264128829967149e+02
5.815177754990141068e+01 1.944402113905234444e+02 2.525919889404248693e+02
5.790996836734918674e+01 1.997437444310126011e+02 2.576537127983617665e+02
5.773568751636430818e+01 2.048432791598875724e+02 2.625789666762518664e+02
5.762520228522621579e+01 2.097050754716154586e+02 2.673302777568416673e+02
5.757018769648902889e+01 2.142959912103016222e+02 2.718661789067906511e+02
5.755835993305161224e+01 2.185838511915511617e+02 2.761422111246027953e+02
5.757423342493938634e+01 2.225378299596611669e+02 2.801120633846005603e+02
5.759992128340348216e+01 2.261288378692883043e+02 2.837287591526917936e+02
5.761594259725077904e+01 2.293298992281418407e+02 2.869458418253926197e+02
5.760200289011117292e+01 2.321165125276688741e+02 2.897185154177800541e+02
5.753772199659653097e+01 2.344669836385713779e+02 2.920047056351679089e+02
5.740329196383024879e+01 2.363627239121924788e+02 2.937660158760227205e+02
5.718005496255855746e+01 2.377885064390753485e+02 2.949685614016339059e+02
5.685099708606156099e+01 2.387326752057486772e+02 2.955836722918102168e+02
5.640115877830496771e+01 2.391873037925145411e+02 2.955884625708195017e+02
5.581795836825392598e+01 2.391483012837626916e+02 2.949662596520166176e+02
5.509145002628331866e+01 2.386154609112571450e+02 2.937069109375404423e+02
5.421450939536529745e+01 2.375924612878329754e+02 2.918069706831983012e+02
5.318294293020721852e+01 2.360868148866734373e+02 2.892697578168806558e+02
5.199554003394008816e+01 2.341097667038656880e+02 2.861053067378057904e+02
5.065406836773602350e+01 2.316761474944743213e+02 2.823302158622103661e+02
4.916321535131773146e+01 2.288041853401142873e+02 2.779674006914320330e+02
4.753047901605305015e+01 2.255152794702113113e+02 2.730457584862643898e+02
4.576601135297985223e+01 2.218337404711547265e+02 2.675997518241345574e+02
4.388241747270430437e+01 2.177865012022419080e+02 2.616689186749462124e+02
4.189451429466768673e+01 2.134028029078631334e+02 2.552973172025308202e+02
3.981905306709713699e+01 2.087138611852363681e+02 2.485329142523335122e+02
3.767441071715482792e+01 2.037525166354829480e+02 2.414269273526377901e+02
3.548025576761258293e+01 1.985528751816474085e+02 2.340331309492599985e+02
3.325719525973583046e+01 1.931499431615305014e+02 2.264071384212663247e+02
3.102640973100782062e+01 1.875792623748301651e+02 2.186056721058379821e+02
2.880928376499236876e+01 1.818765502643923639e+02 2.106858340293847220e+02
2.662703992805384345e+01 1.760773503259868846e+02 2.027043902540407316e+02
2.450038401580192371e+01 1.702166976613071938e+02 1.947170816771091211e+02
2.244916944353450461e+01 1.643288043131507550e+02 1.867779737566852702e+02
2.049208832840045957e+01 1.584467686528365107e+02 1.789388569812369667e+02
1.864639632976202677e+01 1.526023126359805531e+02 1.712487089657425940e+02
1.692767764303901146e+01 1.468255502141374507e+02 1.637532278571764550e+02
1.534965568713530359e+01 1.411447895996783757e+02 1.564944452868136864e+02
1.392405399258129783e+01 1.355863714433164944e+02 1.495104254358977869e+02
1.266051059369204346e+01 1.301745443119089884e+02 1.428350549056010266e+02
1.156654786210149233e+01 1.249313781629421669e+02 1.364979260250436539e+02
1.064759820239885002e+01 1.198767158151405567e+02 1.305243140175394103e+02
9.907084379006061425e+00 1.150281617250492019e+02 1.249352461040552669e+02
9.346551478965521298e+00 1.104011067101156982e+02 1.197476581890812213e+02
8.965845668058765483e+00 1.060087866215864381e+02 1.149746322896452000e+02
8.763333008083272091e+00 1.018623723764036413e+02 1.106257053844869063e+02
8.736149724266145000e+00 9.797108821654092026e+01 1.067072379408070617e+02
8.880473511150468013e+00 9.434235458557512288e+01 1.032228280967255927e+02
9.191803826499130636e+00 9.098195160352221933e+01 1.001737554300213446e+02
