0.000000000000000000e+00 0.000000000000000000e+00 0.000000000000000000e+00
1.673062293994362080e-06 2.822934815350316796e-08 9.767379174656716414e-05
2.676319782182793011e-05 4.290722044784034851e-07 4.561588416047601311e-04
1.306372398229466744e-04 1.845736734308634262e-06 1.183908846417341390e-03
3.911290954487187414e-04 4.762586242167476842e-06 2.349562218382793537e-03
8.946228069780404624e-04 9.292031566663442455e-06 3.992395248341185435e-03
1.725593890454827153e-03 1.517102007172092304e-05 6.130038789924879827e-03
2.959888423993212430e-03 2.186975534497429205e-05 8.764081174895809595e-03
4.661022851988533451e-03 2.874341582573908206e-05 1.188392762039437375e-02
6.878703959381525512e-03 3.517535074935943537e-05 1.546929990654074584e-02
9.648878972820872091e-03 4.068146864271552813e-05 1.949177917261370185e-02
1.299475687048128568e-02 4.496471845888407943e-05 2.391575970442607474e-02
1.692836881363946749e-02 4.792313942790099601e-05 2.869910293146235927e-02
2.145235679691219130e-02 4.962434239521105854e-05 3.379368622660396115e-02
2.656177177651278254e-02 5.026149021367150039e-05 3.914595724295748952e-02
3.224573328311802073e-02 5.010342230501999201e-05 4.469754207744801311e-02
3.848886916129912183e-02 4.944863211551134708e-05 5.038591389285892314e-02
4.527250573595168609e-02 4.858919045455754594e-05 5.614510691231598682e-02
5.257560449135428166e-02 4.778592174428380205e-05 6.190645496371179057e-02
6.037546781000153323e-02 4.725431814132805892e-05 6.759933372704345078e-02
6.864825062993608340e-02 4.715954720974625906e-05 7.315189028262022997e-02
7.736931602220126214e-02 4.761789921298520216e-05 7.849174988457363611e-02
8.651345427147287548e-02 4.870208768725535405e-05 8.354669727121280531e-02
9.605484887967932761e-02 5.044739620333511408e-05 8.824534959930258049e-02
1.059670675445125165e-01 5.286105390683801264e-05 9.251777490042117913e-02
1.162232986496877646e-01 5.593277678448540038e-05 9.629604094717966745e-02
1.267965376731399751e-01 5.964020135051656000e-05 9.951476137242722120e-02
1.376593840735980678e-01 6.394713604338492067e-05 1.021116764858220477e-01
1.487838930475637311e-01 6.880593600881875459e-05 1.040281797470020142e-01
1.601419087832404442e-01 7.416782567646222960e-05 1.052097478261852237e-01
1.717053995430908864e-01 7.998784872001209461e-05 1.056063734318738873e-01
1.834465656049742155e-01 8.622406568761137628e-05 1.051730180097680267e-01
1.953378057217274311e-01 9.283625387956742408e-05 1.038700455465082911e-01
2.073516232424326144e-01 9.978537136448230478e-05 1.016636153530732223e-01
2.194605092686479353e-01 1.070333924346914087e-04 9.852602835126937630e-02
2.316368160451572900e-01 1.145430531189775233e-04 9.443602729888050940e-02
2.438526132258472257e-01 1.222771935798394496e-04 8.937905310678800896e-02
2.560794295782702901e-01 1.301970209838329172e-04 8.334746426232503280e-02
2.682879768582718816e-01 1.382612541578299374e-04 7.634070523724537094e-02
2.804480311059020514e-01 1.464264966402699353e-04 6.836541392484027369e-02
2.925283486163514635e-01 1.546451413730510907e-04 5.943548798698215091e-02
3.044962807770121849e-01 1.628557266874089220e-04 4.957212436491428842e-02
3.163170778040134135e-01 1.709704696281875188e-04 3.880380902131406323e-02
3.279536329383262450e-01 1.788762765599237112e-04 2.716622514947696770e-02
3.393667467162902462e-01 1.864415848599095525e-04 1.470211627179913300e-02
3.505153604320659921e-01 1.935162430706704930e-04 1.461137290420183067e-03
3.613566974548293453e-01 1.999299876554867762e-04 -1.250032116457178155e-02
3.718463698021825525e-01 2.054926627346282341e-04 -2.711934790379093643e-02
3.819385004668719996e-01 2.099967954864678213e-04 -4.232676925391576361e-02
3.915858938568306247e-01 2.132225104369993621e-04 -5.804744875792783310e-02
4.007402735484958400e-01 2.149447236699339892e-04 -7.420062595554555163e-02
4.093363916751157072e-01 2.148008810899110091e-04 -9.056463710717582716e-02
4.172578399287267814e-01 2.115625035487269311e-04 -1.068391238349132993e-01
4.243388952120046298e-01 2.033999774464364477e-04 -1.228199586125161280e-01
4.303965073216339809e-01 1.886175938960223402e-04 -1.383624499996141122e-01
4.352470719257763854e-01 1.652520109912052428e-04 -1.533572728522038242e-01
4.387305354907128918e-01 1.316955363052305095e-04 -1.677112906141888793e-01
4.407352344612182060e-01 8.772001802484121608e-05 -1.813338484244267912e-01
4.412035352358510965e-01 3.464152250510990768e-05 -1.941341758988611166e-01
4.401294593772059893e-01 -2.481133504981300797e-05 -2.060244929421630178e-01
4.375522704735375079e-01 -8.690993910952220659e-05 -2.169246012591248274e-01
4.335473555367818088e-01 -1.475405865010762888e-04 -2.267657776797548375e-01
4.282156000019116115e-01 -2.028550518315081559e-04 -2.354929238762184240e-01
4.216725921284718570e-01 -2.497981132155855299e-04 -2.430647645074752450e-01
4.140388893146348948e-01 -2.864172601943796789e-04 -2.494524829408498179e-01
4.054322094392478482e-01 -3.119368065336836603e-04 -2.546374875563204299e-01
3.959619252944782675e-01 -3.266383793989666422e-04 -2.586090137448825432e-01
3.857258045315269390e-01 -3.316191715645799907e-04 -2.613620772412008075e-01
3.748086500898004103e-01 -3.285014761188330304e-04 -2.628960330298825698e-01
3.632823675198941227e-01 -3.191525547759095746e-04 -2.632137678216517895e-01
3.512069863173090112e-01 -3.054509328254049441e-04 -2.623214127970959209e-01
3.386322292938776513e-01 -2.891151304242703412e-04 -2.602284093539435350e-01
3.255993091767053760e-01 -2.715973118992654704e-04 -2.569477677179654584e-01
3.121427239885545823e-01 -2.540343851323954719e-04 -2.524963937042155049e-01
2.982919029422160251e-01 -2.372441871870175755e-04 -2.468954012257958130e-01
2.840726225602635546e-01 -2.217528636923246914e-04 -2.401703642828543761e-01
2.695081585646794675e-01 -2.078407914923383472e-04 -2.323514886098768384e-01
2.546201723294028718e-01 -1.955966031541569387e-04 -2.234736993328517718e-01
2.394293576305932536e-01 -1.849711602778975365e-04 -2.135766491575911696e-01
2.239558847894948246e-01 -1.758261329527712629e-04 -2.027046556287326329e-01
2.082196836720107969e-01 -1.679742210116099072e-04 -1.909065771472323592e-01
1.922406061351769335e-01 -1.612099306935663981e-04 -1.782356371665871075e-01
1.760385040675178092e-01 -1.553311796843589521e-04 -1.647492051480164976e-01
1.596332528029845987e-01 -1.501528686265997609e-04 -1.505085418294264121e-01
1.430447427268706218e-01 -1.455139971792819922e-04 -1.355785153171108481e-01
1.262928552884868549e-01 -1.412800122490303787e-04 -1.200272935122492224e-01
1.093974339736834417e-01 -1.373419571393108410e-04 -1.039260174722470148e-01
9.237825633945817572e-02 -1.336137381091726418e-04 -8.734845950500090550e-02
7.525501000157254483e-02 -1.300285177615384730e-04 -7.037066912017544973e-02
5.804727336420938827e-02 -1.265349402817465125e-04 -5.307060942396653325e-02
4.077450067416162061e-02 -1.230936279184822199e-04 -3.552778613994903023e-02
2.345601043226861609e-02 -1.196741787261133968e-04 -1.782287115578741477e-02
6.110976079628949870e-03 -1.162527458277339340e-04 -3.732231415368332528e-05
-1.124158198740305044e-02 -1.128101824737383075e-04 1.774699893679102317e-02
-2.858280376670276068e-02 -1.093306843675034211e-04 3.544821046539186477e-02
-4.589399677849077819e-02 -1.058008391819883543e-04 5.298479139519498421e-02
-6.315664313273423869e-02 -1.022089918906175955e-04 7.027596149812173620e-02
-8.035240649271599422e-02 -9.854484457239578120e-05 8.724205646726991559e-02
-9.746313874341797079e-02 -9.479922427229054273e-05 1.038048974842149252e-01
-1.144708860762098934e-01 -9.096396813703203912e-05 1.198881534930752724e-01
-1.313578941463778293e-01 -8.703188907853403450e-05 1.354176946015075156e-01
-1.481066119377214552e-01 -8.299679663450104444e-05 1.503219350483324945e-01
-1.646996939706486807e-01 -7.885355632614311067e-05 1.645321642087149705e-01
-1.811200005110011058e-01 -7.459817693778101580e-05 1.779828641501688680e-01
-1.973505954726775535e-01 -7.022791923093670691e-05 1.906120123053275661e-01
-2.133747417563987003e-01 -6.574142214707686359e-05 2.023613678895307688e-01
-2.291758938295702930e-01 -6.113884397548056309e-05 2.131767407620228649e-01
-2.447376874290027038e-01 -5.642201659559106775e-05 2.230082415082162706e-01
-2.600439263605331952e-01 -5.159461097751119298e-05 2.318105116064339832e-01
-2.750785664786985496e-01 -4.666231178560932872e-05 2.395429326352690180e-01
-2.898256970564784818e-01 -4.163299825852506767e-05 2.461698135766837159e-01
-3.042695199000343687e-01 -3.651692756884188573e-05 2.516605553747060520e-01
-3.183943267255299747e-01 -3.132691560534646912e-05 2.559897920194916798e-01
-3.321844754924495047e-01 -2.607850856852956078e-05 2.591375075409202977e-01
-3.456243665766264295e-01 -2.079013693051923642e-05 2.610891284139289503e-01
-3.586984198609114993e-01 -1.548324121052982550e-05 2.618355909983809959e-01
-3.713910540144520489e-01 -1.018235672005638173e-05 2.613733837581046493e-01
-3.836866694131924049e-01 -4.915142054865053618e-06 2.597045641252124781e-01
-3.955696363125771331e-01 2.876661640637907817e-07 2.568367499950791055e-01
-4.070242900047444934e-01 5.392391712197531296e-06 2.527830859523542140e-01
-4.180349347613862565e-01 1.036267097112362420e-05 2.475621844369780278e-01
-4.285858583636626418e-01 1.515983965382897066e-05 2.411980421592904433e-01
-4.386613589358303589e-01 1.974347329961812628e-05 2.337199321632624227e-01
-4.482457856145172226e-01 2.407209726525926495e-05 2.251622720155405377e-01
-4.573235942884761318e-01 2.810407592328488852e-05 2.155644686652646025e-01
-4.658794192262162848e-01 3.179868196065906188e-05 2.049707405766746648e-01
-4.738981608694276537e-01 3.511733494921412619e-05 1.934299177861000807e-01
-4.813650894150348636e-01 3.802498393981025099e-05 1.809952205814251147e-01
-4.882659630542826590e-01 4.049159231776201323e-05 1.677240175515175291e-01
-4.945871589107758148e-01 4.249366560638823776e-05 1.536775638125130738e-01
-5.003158139964972717e-01 4.401573239987335167e-05 1.389207203107213073e-01
-5.054399735603429811e-01 4.505158771262995898e-05 1.235216552943407681e-01
-5.099487390968976408e-01 4.560553703225022742e-05 1.075515286462504494e-01
-5.138324119916123367e-01 4.569340068560039233e-05 9.108416058964881323e-02
-5.170826324633106541e-01 4.534271296260224615e-05 7.419568687507577254e-02
-5.196925013230033752e-01 4.459265675611000864e-05 5.696420108572987362e-02
-5.216566800953744698e-01 4.349355140859205031e-05 3.946938625601027761e-02
-5.229714714525093289e-01 4.210540645229582900e-05 2.179213880316121024e-02
-5.236348659870743161e-01 4.049610746322051885e-05 4.014185578123731155e-03
-5.236465573646790217e-01 3.873904965320951194e-05 -1.378230267240190474e-02
-5.230079305575615622e-01 3.691017744251633896e-05 -3.151509830548871599e-02
-5.217220142367133828e-01 3.508498680520361637e-05 -4.910230328383365095e-02
-5.197933996824755098e-01 3.333549919603438153e-05 -6.646273255608112218e-02
-5.172281315171102234e-01 3.172738995742433935e-05 -8.351629173280329665e-02
-5.140335755101277382e-01 3.031746246465903064e-05 -1.001843470835930838e-01
-5.102182696806941697e-01 2.915155818173564085e-05 -1.163900861875947212e-01
-5.057917655711668958e-01 2.826307293024087704e-05 -1.320588678283747264e-01
-5.007644668524670051e-01 2.767217788548876774e-05 -1.471185599423736334e-01
-4.951474722744578782e-01 2.738577714046375319e-05 -1.614998646023182438e-01
-4.889524293703341740e-01 2.739817456393497006e-05 -1.751366291390493990e-01
-4.821914043132741190e-01 2.769236998084730837e-05 -1.879661425740433711e-01
-4.748767720167883510e-01 2.824185809751339398e-05 -1.999294165525882516e-01
-4.670211291677254239e-01 2.901274911116291156e-05 -2.109714499388816167e-01
-4.586372307371290868e-01 2.996613542919767948e-05 -2.210414762500856056e-01
-4.497379495030109919e-01 3.106051424214482904e-05 -2.300931929845479451e-01
-4.403362571515074819e-01 3.225401522964433450e-05 -2.380849718317915031e-01
-4.304452237581748997e-01 3.350636208566213362e-05 -2.449800488169286139e-01
-4.200780318809256841e-01 3.478048762414639284e-05 -2.507466933992180125e-01
-4.092480011822900443e-01 3.604374595020638994e-05 -2.553583555596178334e-01
-3.979686194796621113e-01 3.726870067967058488e-05 -2.587937899682897225e-01
-3.862535764001369110e-01 3.843350181534328981e-05 -2.610371564069662309e-01
-3.741167963325627843e-01 3.952189184274435224e-05 -2.620780957284662427e-01
-3.615724680441906314e-01 4.052290214402027007e-05 -2.619117807627527883e-01
-3.486350690557392107e-01 4.143031738028049192e-05 -2.605389417237066740e-01
-3.353193834648298122e-01 4.224201662330809005e-05 -2.579658658352129152e-01
-3.216405132842566905e-01 4.295916841098796805e-05 -2.542043709977049315e-01
-3.076138832847529758e-01 4.358537278356949959e-05 -2.492717535524627825e-01
-2.932552392849425149e-01 4.412590985099727330e-05 -2.431907103890530164e-01
-2.785806409610689371e-01 4.458707673737998510e-05 -2.359892357077752745e-01
-2.636064501859415876e-01 4.497562456440999180e-05 -2.277004929285168233e-01
-2.483493158530044043e-01 4.529830678317714189e-05 -2.183626623872806372e-01
-2.328261560647622574e-01 4.556153990750609281e-05 -2.080187655877508424e-01
-2.170541384435567822e-01 4.577116876054375361e-05 -1.967164668883877587e-01
-2.010506591769774254e-01 4.593232219308528115e-05 -1.845078536078804399e-01
-1.848333212619189536e-01 4.604934187636400945e-05 -1.714491956246362303e-01
-1.684199122769721169e-01 4.612576583408887674e-05 -1.576006856307194670e-01
-1.518283819025268711e-01 4.616434930721240084e-05 -1.430261612785746761e-01
-1.350768193259079819e-01 4.616710773159136185e-05 -1.277928105310671691e-01
-1.181834306147451219e-01 4.613536947423875197e-05 -1.119708615925769923e-01
-1.011665161122733553e-01 4.606982902960670507e-05 -9.563325886143925203e-02
-8.404444789845638697e-02 4.597059425823688640e-05 -7.885532640192914611e-02
-6.683564736540560658e-02 4.583722372256776275e-05 -6.171442048695931215e-02
-4.955856296962957153e-02 4.566875212492141611e-05 -4.428957281022344317e-02
-3.223164824316538529e-02 4.546370326289868920e-05 -2.666112600812757180e-02
-1.487334016762922526e-02 4.522009083673639128e-05 -8.910363166936467391e-03
2.497961962324822191e-03 4.493540795932780753e-05 8.880866981382941339e-03
1.986391703793899399e-02 4.460660643493400058e-05 2.663052745053743481e-02
3.720626182917108338e-02 4.423006688666377800e-05 4.425677124158489822e-02
5.450682968432925268e-02 4.380156071157714065e-05 6.167831869313666199e-02
7.174756803288707963e-02 4.331620469339721142e-05 7.881483220153621960e-02
8.891055447357802677e-02 4.276840895516731856e-05 9.558728658380892529e-02
1.059780112183738021e-01 4.215181882033592676e-05 1.119183333755976728e-01
1.229323176549285135e-01 4.145925109086429111e-05 1.277326573837088419e-01
1.397560207864814164e-01 4.068262525703465250e-05 1.429573238481661734e-01
1.564318433102793449e-01 3.981289023339098962e-05 1.575221146116542459e-01
1.729426891047799175e-01 3.883994737520037515e-05 1.713598517447576242e-01
1.892716459139146268e-01 3.775257077761598798e-05 1.844067071332831931e-01
2.054019850453802365e-01 3.653832620552018468e-05 1.966024965989978390e-01
2.213171579412345213e-01 3.518349045918029323e-05 2.078909571971223891e-01
2.370007895349498794e-01 3.367297356581034528e-05 2.182200064126851580e-01
