1.133333408256883557e+00 0.000000000000000000e+00
1.249941452364074168e+00 0.000000000000000000e+00
1.330014853337121883e+00 0.000000000000000000e+00
1.384271237621509609e+00 0.000000000000000000e+00
1.420066873143169150e+00 0.000000000000000000e+00
1.442528424810187060e+00 0.000000000000000000e+00
1.455113796870326048e+00 0.000000000000000000e+00
1.460013089366406058e+00 0.000000000000000000e+00
1.458517374060286365e+00 0.000000000000000000e+00
1.451350025002960953e+00 0.000000000000000000e+00
1.438932391541146272e+00 0.000000000000000000e+00
1.421570109544644467e+00 0.000000000000000000e+00
1.399563538619306380e+00 0.000000000000000000e+00
1.373258869056247500e+00 0.000000000000000000e+00
1.343059565490478002e+00 0.000000000000000000e+00
1.309415806686768935e+00 0.000000000000000000e+00
1.272804953276906570e+00 0.000000000000000000e+00
1.233712320225173409e+00 0.000000000000000000e+00
1.192615938635128714e+00 0.000000000000000000e+00
1.149976519940555164e+00 0.000000000000000000e+00
1.106232698896304933e+00 0.000000000000000000e+00
1.061800035336297521e+00 0.000000000000000000e+00
1.017072382220968407e+00 0.000000000000000000e+00
9.724211787410195207e-01 0.000000000000000000e+00
9.281913045987371103e-01 0.000000000000000000e+00
8.847241020729144090e-01 0.000000000000000000e+00
8.423612019060560119e-01 0.000000000000000000e+00
8.014312693176095515e-01 0.000000000000000000e+00
7.622340579187579790e-01 0.000000000000000000e+00
7.250711141607206756e-01 0.000000000000000000e+00
6.902510291439114543e-01 0.000000000000000000e+00
6.580709408940050853e-01 0.000000000000000000e+00
6.288059932926116646e-01 0.000000000000000000e+00
6.027076941819338174e-01 0.000000000000000000e+00
5.800051570572930526e-01 0.000000000000000000e+00
5.609064202733116122e-01 0.000000000000000000e+00
5.455991260319013048e-01 0.000000000000000000e+00
5.342494973151719062e-01 0.000000000000000000e+00
5.269995661281374755e-01 0.000000000000000000e+00
5.239729307853644436e-01 0.000000000000000000e+00
5.252767875231292294e-01 0.000000000000000000e+00
5.309969584281475363e-01 0.000000000000000000e+00
5.411920538035361883e-01 0.000000000000000000e+00
5.559011642136594267e-01 0.000000000000000000e+00
5.751537508386806996e-01 0.000000000000000000e+00
5.989602377316416426e-01 0.000000000000000000e+00
6.273028918695090494e-01 0.000000000000000000e+00
6.601316822864028433e-01 0.000000000000000000e+00
6.973623951847656155e-01 0.000000000000000000e+00
7.388751795021035740e-01 0.000000000000000000e+00
7.845128716894227416e-01 0.000000000000000000e+00
9.971537083577131089e-01 0.000000000000000000e+00
1.147585798608934171e+00 0.000000000000000000e+00
1.261295238152358333e+00 2.234396804768667977e-03
1.354616204786738720e+00 1.109860967855258451e-03
1.437181394068803630e+00 0.000000000000000000e+00
1.513995043523628903e+00 0.000000000000000000e+00
1.584864489164217627e+00 0.000000000000000000e+00
1.647327411240472772e+00 0.000000000000000000e+00
1.699148011499646893e+00 0.000000000000000000e+00
1.739328286231168530e+00 0.000000000000000000e+00
1.768314806748263024e+00 0.000000000000000000e+00
1.787721209157634883e+00 0.000000000000000000e+00
1.799808904548533262e+00 0.000000000000000000e+00
1.806936697379212475e+00 0.000000000000000000e+00
1.811132813964664079e+00 0.000000000000000000e+00
1.813860466718781872e+00 0.000000000000000000e+00
1.815969628060020824e+00 0.000000000000000000e+00
1.817779315262357809e+00 0.000000000000000000e+00
1.819222145590254636e+00 0.000000000000000000e+00
1.819996238840857483e+00 0.000000000000000000e+00
1.819691741503538074e+00 0.000000000000000000e+00
1.817880829419115551e+00 0.000000000000000000e+00
1.814172825076569406e+00 0.000000000000000000e+00
1.808242147475917161e+00 0.000000000000000000e+00
1.799837991361853851e+00 0.000000000000000000e+00
1.788783143048725544e+00 0.000000000000000000e+00
1.774967525281082370e+00 0.000000000000000000e+00
1.758339524812159826e+00 0.000000000000000000e+00
1.738896968062813464e+00 0.000000000000000000e+00
1.716678694881681233e+00 0.000000000000000000e+00
1.691757116893549906e+00 0.000000000000000000e+00
1.664231875648969350e+00 0.000000000000000000e+00
1.634224585490799297e+00 0.000000000000000000e+00
1.601874580336126730e+00 0.000000000000000000e+00
1.567335546865982421e+00 0.000000000000000000e+00
1.530772905791595084e+00 0.000000000000000000e+00
1.492361794534436514e+00 0.000000000000000000e+00
1.452285507786580165e+00 0.000000000000000000e+00
1.410734265246754937e+00 0.000000000000000000e+00
1.367904195418693902e+00 0.000000000000000000e+00
1.323996447256350795e+00 0.000000000000000000e+00
1.279216364485395330e+00 0.000000000000000000e+00
1.233772678281907620e+00 0.000000000000000000e+00
1.187876691292331532e+00 0.000000000000000000e+00
1.141741439262115687e+00 0.000000000000000000e+00
1.095580825980501327e+00 0.000000000000000000e+00
1.049608733408781580e+00 0.000000000000000000e+00
1.004038112461786980e+00 0.000000000000000000e+00
9.590800616825874148e-01 0.000000000000000000e+00
9.149429016146781724e-01 0.000000000000000000e+00
8.718312525250959677e-01 0.000000000000000000e+00
8.299451226119394232e-01 0.000000000000000000e+00
7.894790131623641294e-01 0.000000000000000000e+00
7.506210464353162415e-01 0.000000000000000000e+00
7.135521213800497531e-01 0.000000000000000000e+00
6.784451016772219401e-01 0.000000000000000000e+00
6.454640399875035683e-01 0.000000000000000000e+00
6.147634416894001141e-01 0.000000000000000000e+00
5.864875707573584673e-01 0.000000000000000000e+00
5.607697997550149527e-01 0.000000000000000000e+00
5.377320051900622566e-01 0.000000000000000000e+00
5.174840087044114689e-01 0.000000000000000000e+00
5.001230637833082859e-01 0.000000000000000000e+00
4.857333869070725174e-01 0.000000000000000000e+00
4.743857314099313438e-01 0.000000000000000000e+00
4.661370018441580165e-01 0.000000000000000000e+00
4.610299064876565156e-01 0.000000000000000000e+00
4.590926459034138096e-01 0.000000000000000000e+00
4.603386362868173154e-01 0.000000000000000000e+00
4.647662678307963868e-01 0.000000000000000000e+00
4.723587005681306739e-01 0.000000000000000000e+00
4.830837031186632213e-01 0.000000000000000000e+00
4.968935433789549161e-01 0.000000000000000000e+00
5.137249442269536948e-01 0.000000000000000000e+00
5.334991214101822976e-01 0.000000000000000000e+00
5.561219244389739025e-01 0.000000000000000000e+00
5.814841038851962240e-01 0.000000000000000000e+00
6.094617292940116560e-01 0.000000000000000000e+00
6.399167802634342372e-01 0.000000000000000000e+00
6.726979285959411303e-01 0.000000000000000000e+00
7.076415013265378029e-01 0.000000000000000000e+00
7.445726367439990945e-01 0.000000000000000000e+00
7.833068338602127145e-01 0.000000000000000000e+00
8.236513083787366796e-01 0.000000000000000000e+00
8.654065360723410816e-01 0.000000000000000000e+00
9.083682420564096471e-01 0.000000000000000000e+00
9.523287902250825443e-01 0.000000000000000000e+00
9.970787713255222506e-01 0.000000000000000000e+00
1.042408734076811117e+00 0.000000000000000000e+00
1.088109980367597318e+00 0.000000000000000000e+00
1.133975607776501082e+00 0.000000000000000000e+00
1.179801446400008835e+00 0.000000000000000000e+00
1.225386570293307109e+00 0.000000000000000000e+00
1.270533566476923060e+00 0.000000000000000000e+00
1.315048657732599935e+00 0.000000000000000000e+00
1.358741749836006596e+00 0.000000000000000000e+00
1.401426472180535399e+00 0.000000000000000000e+00
1.442920271997387927e+00 0.000000000000000000e+00
1.483044611014430192e+00 0.000000000000000000e+00
1.521625298107080360e+00 0.000000000000000000e+00
1.558492973870909681e+00 0.000000000000000000e+00
1.593483743399417341e+00 0.000000000000000000e+00
1.626439942701606078e+00 0.000000000000000000e+00
1.657211033728022143e+00 0.000000000000000000e+00
1.685654537005827125e+00 0.000000000000000000e+00
1.711637008552353567e+00 0.000000000000000000e+00
1.735035021922010534e+00 0.000000000000000000e+00
1.755736113928896724e+00 0.000000000000000000e+00
1.773639664340619371e+00 0.000000000000000000e+00
1.788657686296447613e+00 0.000000000000000000e+00
1.800715510132769870e+00 0.000000000000000000e+00
1.809752349149581274e+00 0.000000000000000000e+00
1.815721741450338822e+00 0.000000000000000000e+00
1.818591869426957386e+00 0.000000000000000000e+00
1.818345758607289087e+00 0.000000000000000000e+00
1.814981340077482797e+00 0.000000000000000000e+00
1.808511442788642620e+00 0.000000000000000000e+00
1.798963682750835957e+00 0.000000000000000000e+00
1.786380262102556182e+00 0.000000000000000000e+00
1.770817695726706775e+00 0.000000000000000000e+00
1.752346474896463446e+00 0.000000000000000000e+00
1.731050674816196455e+00 0.000000000000000000e+00
1.707027511073695436e+00 0.000000000000000000e+00
1.680386848429149982e+00 0.000000000000000000e+00
1.651250664095011755e+00 0.000000000000000000e+00
1.619752466792084400e+00 0.000000000000000000e+00
1.586036672414680160e+00 0.000000000000000000e+00
1.550257937062888391e+00 0.000000000000000000e+00
1.512580448422773172e+00 0.000000000000000000e+00
1.473177176898439411e+00 0.000000000000000000e+00
1.432229088431627995e+00 0.000000000000000000e+00
1.389924321505063842e+00 0.000000000000000000e+00
1.346457331354227627e+00 0.000000000000000000e+00
1.302028004875075640e+00 0.000000000000000000e+00
1.256840750091824832e+00 0.000000000000000000e+00
1.211103564340024752e+00 0.000000000000000000e+00
1.165027085529725781e+00 0.000000000000000000e+00
1.118823630996736762e+00 0.000000000000000000e+00
1.072706228539481277e+00 0.000000000000000000e+00
1.026887644285318313e+00 0.000000000000000000e+00
9.815794120444620852e-01 0.000000000000000000e+00
9.369908687967936078e-01 0.000000000000000000e+00
8.933282009172469618e-01 0.000000000000000000e+00
8.507935056796203099e-01 0.000000000000000000e+00
8.095838724815116461e-01 0.000000000000000000e+00
7.698904880968227005e-01 0.000000000000000000e+00
7.318977700801714281e-01 0.000000000000000000e+00
6.957825322077988428e-01 0.000000000000000000e+00
6.617131855331197521e-01 0.000000000000000000e+00
