1.750000056192662523e+00
1.859056366954063844e+00
1.912443286470995929e+00
1.944684903267188902e+00
1.965045287521624662e+00
1.977468350987372059e+00
1.984222888661433259e+00
1.986588144990718119e+00
1.985175051477388930e+00
1.980208106008625180e+00
1.971716991937706220e+00
1.959717599677164745e+00
1.944279537777917177e+00
1.925561751982938219e+00
1.903801191104387724e+00
1.879315647380142007e+00
1.852457186055136873e+00
1.823595955742421504e+00
1.793111463126326077e+00
1.761368751845382441e+00
1.728717271677422396e+00
1.695487447638032386e+00
1.661736683766245948e+00
1.628353681100624506e+00
1.595329566150293310e+00
1.562797286660725593e+00
1.530574376136113690e+00
1.499986648188226912e+00
1.470895786051315879e+00
1.443142271528160991e+00
1.417022127581391899e+00
1.392830555088884426e+00
1.370811105422652387e+00
1.351168349800952795e+00
1.334080780461641691e+00
1.319707607153453477e+00
1.307997708024113859e+00
1.299429386524437069e+00
1.294087660459289024e+00
1.291898718051170070e+00
1.292525443192254375e+00
1.296348433813611756e+00
1.304455580504763734e+00
1.315937676545580359e+00
1.330730036402843819e+00
1.348884336116826121e+00
1.370427137412095320e+00
1.395342689229467359e+00
1.423576602150965265e+00
1.455039848431233462e+00
1.489610503823713961e+00
1.601794172608789424e+00
1.749711194294131023e+00
1.846592898653334425e+00
1.918676425203193148e+00
2.002038761189251392e+00
2.062201773774618996e+00
2.113351070680875132e+00
2.156662100323800679e+00
2.191202737996831296e+00
2.216572695135556437e+00
2.233446909207788877e+00
2.243404631606909394e+00
2.248482985758020192e+00
2.250696349358652260e+00
2.251676941686858058e+00
2.252495650994010390e+00
2.253661884151901162e+00
2.255224999461337809e+00
2.256939387884152382e+00
2.258396135350438261e+00
2.259141253790455828e+00
2.258747589539150002e+00
2.256852416741732981e+00
2.253177185429154683e+00
2.247514965246540264e+00
2.239736158524570975e+00
2.229770314300243861e+00
2.217595991640875841e+00
2.203230681823733939e+00
2.186722117364652718e+00
2.168141205344924494e+00
2.147576504910222006e+00
2.125130058929469712e+00
2.100914351526542934e+00
2.075050156381472277e+00
2.047665052013751374e+00
2.018892404175565147e+00
1.988870647840733641e+00
1.957742737661943844e+00
1.925655671840163397e+00
1.892760026601596923e+00
1.859209464752382690e+00
1.825160201329497411e+00
1.790770422562917963e+00
1.756199662278445928e+00
1.721608143848591288e+00
1.687156097150083633e+00
1.653003059799386332e+00
1.619307171011668656e+00
1.586224465280583917e+00
1.553908171993986898e+00
1.522508026206836451e+00
1.492169595106964675e+00
1.463033624196910853e+00
1.435235406818159420e+00
1.408904180303923726e+00
1.384162551710391931e+00
1.361125955703656798e+00
1.339902146740912237e+00
1.320590727162434863e+00
1.303282712199633320e+00
1.288060132211261699e+00
1.274995671706552702e+00
1.264152343939826340e+00
1.255583199124826521e+00
1.249331063696873523e+00
1.245428307645819466e+00
1.243896636864122440e+00
1.244746907821286275e+00
1.247978962798144131e+00
1.253581485474458912e+00
1.261531878895469028e+00
1.271796170702136131e+00
1.284328953856574751e+00
1.299073374666582348e+00
1.315961183331888718e+00
1.334912865007634064e+00
1.355837870948646717e+00
1.378634969092075835e+00
1.403190627776675026e+00
1.429391371059190341e+00
1.457098502086777714e+00
1.486174608353866500e+00
1.516486568183437633e+00
1.547871502147374567e+00
1.580176383069184176e+00
1.613258933184280597e+00
1.646936516343429968e+00
1.681062944226888956e+00
1.715478620466386328e+00
1.750022317595723464e+00
1.784536751092954177e+00
1.818867346410100616e+00
1.852862249690453211e+00
1.886372765839118948e+00
1.919253470955047725e+00
1.951362362378523896e+00
1.982561022866302647e+00
2.012714817131532996e+00
2.041693141031181824e+00
2.069369574361124009e+00
2.095623152465949435e+00
2.120336867837309125e+00
2.143400269674597958e+00
2.164708956548049734e+00
2.184165296907610632e+00
2.201679046783793225e+00
2.217167944386257528e+00
2.230558284259602786e+00
2.241785459998286711e+00
2.250794462484994263e+00
2.257540321158993724e+00
2.261988673713715592e+00
2.264114993374489515e+00
2.263907122863973775e+00
2.261362940394886500e+00
2.256491627147461099e+00
2.249313467570423164e+00
2.239859710605659249e+00
2.228172386542889960e+00
2.214304068376639290e+00
2.198317581601076043e+00
2.180285668264396293e+00
2.160290610476146345e+00
2.138423817436107655e+00
2.114785378938438321e+00
2.089483587388783370e+00
2.062634429742260078e+00
2.034361050443397989e+00
2.004793186394257187e+00
1.974066575136690593e+00
1.942322337736954063e+00
1.909706338233372325e+00
1.876368521894679509e+00
1.842462234891630635e+00
1.808143528284543944e+00
1.773570449460001530e+00
1.738902324313536196e+00
1.704299033577604039e+00
1.669920286743783233e+00
1.635924897036864722e+00
1.602470060873463886e+00
1.569710645182885056e+00
1.537798485887130973e+00
1.506881700728383677e+00
1.477104019491892295e+00
1.448604134496828344e+00
1.421515074009487067e+00
1.395963600967829343e+00
