1.000624091322398934e+00
1.002427606144460359e+00
1.005286385179420927e+00
1.009077791204762597e+00
1.013672449906786843e+00
1.018938383817591831e+00
1.024746309077217976e+00
1.030973862492842841e+00
1.037508343942209921e+00
1.044248093159393820e+00
1.051102759580762269e+00
1.057992775595457680e+00
1.064848343679589693e+00
1.071608173304348766e+00
1.078218155618893892e+00
1.084630137295631069e+00
1.090800888172644090e+00
1.096691284816675882e+00
1.102265742722740027e+00
1.107491878316587908e+00
1.112340356978654743e+00
1.116784894399088790e+00
1.120801921613010954e+00
1.124371541856701739e+00
1.127478486453785678e+00
1.130111507297789863e+00
1.132262442341544162e+00
1.133927831827882260e+00
1.135110630526375841e+00
1.135818783572886126e+00
1.136064554496064583e+00
1.135864876258447342e+00
1.135241771929456744e+00
1.134222712905406105e+00
1.132840919440373684e+00
1.131135613389685268e+00
1.129151976987950334e+00
1.126941703335036404e+00
1.124563612660407497e+00
1.122083285417671439e+00
1.119572311793752162e+00
1.117108526832271354e+00
1.114777407475689541e+00
1.112671171145271254e+00
1.110886690975708913e+00
1.109524284757583024e+00
1.108686492682431135e+00
1.108476689576144425e+00
1.108997526602862216e+00
1.110349232353190940e+00
1.102305574675120692e+00
1.095064566328056488e+00
1.088769821278688044e+00
1.083528074541872055e+00
1.079480740504526359e+00
1.076738422873872114e+00
1.075380002786595401e+00
1.075510680037618627e+00
1.077305767670008407e+00
1.081287841199668698e+00
1.088948310892344340e+00
1.100414644234312345e+00
1.113094905080769470e+00
1.125793177606516871e+00
1.138240871012973443e+00
1.150395170392561894e+00
1.162267151993650049e+00
1.173876068821472662e+00
1.185235019410239898e+00
1.196346740351796889e+00
1.207203387055442834e+00
1.217788028198605765e+00
1.228076753668823518e+00
1.238040857877893641e+00
1.247648799966257993e+00
1.256867845715407661e+00
1.265665351691671825e+00
1.274009683535078485e+00
1.281870846791006047e+00
1.289220886204677452e+00
1.296034113595876613e+00
1.302287218197087704e+00
1.307959303325383127e+00
1.313031882406259676e+00
1.317488857322629325e+00
1.321316493705831929e+00
1.324503401457044927e+00
1.327040524451736037e+00
1.328921140774027121e+00
1.330140873582764671e+00
1.330697712440474856e+00
1.330592045292234848e+00
1.329826701974905934e+00
1.328407010927888265e+00
1.326340871431539892e+00
1.323638843917457120e+00
1.320314260188366395e+00
1.316383352910540205e+00
1.311865398090850565e+00
1.306782853307143943e+00
1.301161455645366782e+00
1.295030214984081107e+00
1.288421203673401960e+00
1.281369018040803942e+00
1.273909804932525480e+00
1.266079854383627579e+00
1.257913974504548449e+00
1.249444104693524737e+00
1.240698697840358911e+00
1.231703163942013957e+00
1.222481217909562545e+00
1.213056624471357203e+00
1.203454798626207189e+00
1.193703936424793000e+00
1.183835609231564945e+00
1.173884915247342065e+00
1.163890330037636645e+00
1.153893379726694812e+00
1.143938221986472215e+00
1.134071185094279954e+00
1.124340291282436288e+00
1.114794776498730933e+00
1.105484611498130487e+00
1.096460026109851382e+00
1.087771037646439565e+00
1.079466984594951606e+00
1.071596067338906444e+00
1.064204898404226718e+00
1.057338065469002775e+00
1.051037711062702495e+00
1.045343136578863241e+00
1.040290421899498163e+00
1.035912087273946014e+00
1.032236795723389777e+00
1.029289076432674088e+00
1.027089109478508400e+00
1.025652558059369612e+00
1.024990437304549751e+00
1.025109044720249551e+00
1.026009927985699344e+00
1.027689901720687082e+00
1.030141106799613127e+00
1.033351098375985266e+00
1.037302961270412549e+00
1.041975448846203856e+00
1.047343141721373438e+00
1.053376624505567571e+00
1.060042680432284667e+00
1.067304505712579621e+00
1.075121947000561740e+00
1.083451766162729868e+00
1.092247935952203708e+00
1.101461970834102910e+00
1.111043290532271355e+00
1.120939613120609080e+00
1.131097374148305912e+00
1.141462160129977699e+00
1.151979145159216067e+00
1.162593518463366449e+00
1.173250891280450459e+00
1.183897673190235311e+00
1.194481410575705560e+00
1.204951082783900951e+00
1.215257355092152602e+00
1.225352786030224239e+00
1.235191996608482556e+00
1.244731805215701703e+00
1.253931327796694806e+00
1.262752052256719493e+00
1.271157891257449712e+00
1.279115217673409743e+00
1.286592886526801927e+00
1.293562246654058168e+00
1.299997144803900717e+00
1.305873924376753425e+00
1.311171420614159810e+00
1.315870953743645044e+00
1.319956321379232023e+00
1.323413791365593450e+00
1.326232096228347812e+00
1.328402430449048266e+00
1.329918451917971867e+00
1.330776289129149914e+00
1.330974555967414208e+00
1.330514376285433453e+00
1.329399420847494406e+00
1.327635959546963340e+00
1.325232931914535062e+00
1.322202038481147923e+00
1.318557853899301024e+00
1.314317958733685510e+00
1.309503078706266033e+00
1.304137205439606095e+00
1.298247648931952769e+00
1.291864939212433505e+00
1.285022461184998077e+00
1.277755697364636678e+00
1.270101011946668468e+00
1.262094076584637792e+00
1.253768287497888378e+00
